10
9
3
1
6
1
5
3
7
2
5

10
11
15
17
16
11
10
18
17
19
20

20
2
9
4
1
7
3
10
6
5
8
1
3
7
9
2
4
6
10
8
5


20
15
19
11
20
13
12
17
14
16
18
20
11
13
15
10
19
14
12
16
18


20
72
95
50
88
67
99
51
85
77
90
63
100
58
70
84
94
52
80
76
61


50
2
8
3
10
5
7
1
6
9
4
2
7
3
10
5
1
8
6
9
4
2
7
3
10
5
1
8
6
9
4
2
7
3
10
5
1
8
6
9
4
2
7
3
10
5
1
8
6
9
4


50
14
11
19
17
12
16
18
13
20
15
11
19
14
17
12
16
18
13
20
15
11
19
14
17
12
16
18
13
20
15
11
19
14
17
12
16
18
13
20
15
11
19
14
17
12
16
18
13
20
15


50
85
59
98
77
91
66
54
71
93
83
63
52
90
76
58
73
99
55
82
60
69
86
97
68
88
75
92
65
50
95
56
62
57
67
84
87
80
100
53
79
61
64
78
70
96
51
74
94
72
89


